-1
-1
90 264598
1 2 59 42 59 42 59 42 59 42 59 42 59 42 59 42 59 42 59 42 59 42 59 42 59 42 59 42 59 42 59 42 59 42 59 42 59 42 59 42 59 42 59 42 59 42 59 42 59 42 59 42 59 42 59 42 59 42 59 42 59 42 59 42 59 42 59 42 59 42 59 42 59 42 59 42 59 42 59 42 59 42 59 42 59 42 59 42 59 42 
138 32 138 32 138 32 138 32 138 32 138 32 138 32 138 32 138 32 138 32 138 32 138 32 138 32 138 32 138 32 138 32 138 32 138 32 138 32 138 32 138 32 138 32 138 32 138 32 138 32 138 32 138 32 138 32 138 32 138 32 138 32 138 32 138 32 138 32 138 32 138 32 138 32 138 32 138 32 138 32 138 32 138 32 138 32 138 32 138 
-1
110 867411
1 91 44 18 110 29 42 99 76 18 110 29 42 99 76 18 110 29 42 99 76 18 110 29 42 99 76 18 110 29 42 99 76 18 110 29 42 99 76 18 110 29 42 99 76 18 110 29 42 99 76 18 110 29 42 99 76 18 110 29 42 99 76 18 110 29 42 99 76 18 110 29 42 99 76 18 110 29 42 99 76 18 110 29 42 99 76 18 110 29 42 99 76 18 110 29 42 99 76 18 110 29 42 99 76 18 110 29 42 5 
201 127 101 108 165 338 37 267 101 108 165 338 37 267 101 108 165 338 37 267 101 108 165 338 37 267 101 108 165 338 37 267 101 108 165 338 37 267 101 108 165 338 37 267 101 108 165 338 37 267 101 108 165 338 37 267 101 108 165 338 37 267 101 108 165 338 37 267 101 108 165 338 37 267 101 108 165 338 37 267 101 108 165 338 37 267 101 108 165 338 37 267 101 108 165 338 37 267 101 108 165 338 37 267 101 108 165 338 37 
6 86625
1 88 108 124 8 52 
1 259 339 363 403 
129 103719
1 90 26 159 154 66 86 145 156 98 111 149 58 43 44 143 111 149 58 43 44 143 111 149 58 43 44 143 111 149 58 43 44 143 111 149 58 43 44 143 111 149 58 43 44 143 111 149 58 43 44 143 111 149 58 43 44 143 111 149 58 43 44 143 111 149 58 43 44 143 111 149 58 43 44 143 111 149 58 43 44 143 111 149 58 43 44 143 111 149 58 43 44 143 111 149 58 43 44 143 111 149 58 43 44 143 111 149 58 43 44 143 111 149 58 43 44 143 111 149 58 43 44 143 111 149 58 43 44 
424 291 25 388 505 401 195 452 162 51 376 170 182 258 406 51 376 170 182 258 406 51 376 170 182 258 406 51 376 170 182 258 406 51 376 170 182 258 406 51 376 170 182 258 406 51 376 170 182 258 406 51 376 170 182 258 406 51 376 170 182 258 406 51 376 170 182 258 406 51 376 170 182 258 406 51 376 170 182 258 406 51 376 170 182 258 406 51 376 170 182 258 406 51 376 170 182 258 406 51 376 170 182 258 406 51 376 170 182 258 406 51 376 170 182 258 406 51 376 170 182 258 406 51 376 170 182 258 
139 257734
1 75 120 122 107 6 161 114 129 102 179 102 179 102 179 102 179 102 179 102 179 102 179 102 179 102 179 102 179 102 179 102 179 102 179 102 179 102 179 102 179 102 179 102 179 102 179 102 179 102 179 102 179 102 179 102 179 102 179 102 179 102 179 102 179 102 179 102 179 102 179 102 179 102 179 102 179 102 179 102 179 102 179 102 179 102 179 102 179 102 179 102 179 102 179 102 179 102 179 102 179 102 179 102 179 102 179 102 179 102 179 102 179 102 179 102 179 102 179 102 179 102 179 102 179 102 179 102 179 102 179 102 179 102 179 102 179 172 41 
176 480 15 396 401 51 202 33 185 42 185 42 185 42 185 42 185 42 185 42 185 42 185 42 185 42 185 42 185 42 185 42 185 42 185 42 185 42 185 42 185 42 185 42 185 42 185 42 185 42 185 42 185 42 185 42 185 42 185 42 185 42 185 42 185 42 185 42 185 42 185 42 185 42 185 42 185 42 185 42 185 42 185 42 185 42 185 42 185 42 185 42 185 42 185 42 185 42 185 42 185 42 185 42 185 42 185 42 185 42 185 42 185 42 185 42 185 42 185 42 185 42 185 42 185 42 185 42 185 42 185 42 185 42 185 42 528 79 
147 548443
1 56 64 144 28 20 16 54 56 64 144 28 20 16 54 56 64 144 28 20 16 54 56 64 144 28 20 16 54 56 64 144 28 20 16 54 56 64 144 28 20 16 54 56 64 144 28 20 16 54 56 64 144 28 20 16 54 56 64 144 28 20 16 54 56 64 144 28 20 16 54 56 64 144 28 20 16 54 56 64 144 28 20 16 54 56 64 144 28 20 16 54 56 64 144 28 20 16 54 56 64 144 28 20 16 54 56 64 144 28 20 16 54 56 64 144 28 20 16 54 56 64 144 28 20 16 54 56 64 144 28 20 16 54 56 64 144 28 20 16 54 56 64 144 28 20 16 
419 602 114 421 195 597 482 419 602 114 421 195 597 482 419 602 114 421 195 597 482 419 602 114 421 195 597 482 419 602 114 421 195 597 482 419 602 114 421 195 597 482 419 602 114 421 195 597 482 419 602 114 421 195 597 482 419 602 114 421 195 597 482 419 602 114 421 195 597 482 419 602 114 421 195 597 482 419 602 114 421 195 597 482 419 602 114 421 195 597 482 419 602 114 421 195 597 482 419 602 114 421 195 597 482 419 602 114 421 195 597 482 419 602 114 421 195 597 482 419 602 114 421 195 597 482 419 602 114 421 195 597 482 419 602 114 421 195 597 482 419 602 114 421 195 597 
160 765942
1 112 142 131 81 111 112 142 131 81 111 112 142 131 81 111 112 142 131 81 111 112 142 131 81 111 112 142 131 81 111 112 142 131 81 111 112 142 131 81 111 112 142 131 81 111 112 142 131 81 111 112 142 131 81 111 112 142 131 81 111 112 142 131 81 111 112 142 131 81 111 112 142 131 81 111 112 142 131 81 111 112 142 131 81 111 112 142 131 81 111 112 142 131 81 111 112 142 131 81 111 112 142 131 81 111 112 142 131 81 111 112 142 131 81 111 112 142 131 81 111 112 142 131 81 111 112 142 131 81 111 112 142 131 81 111 112 142 131 81 111 112 142 131 81 111 112 142 131 81 111 112 142 131 81 111 112 142 131 48 
405 360 394 454 660 405 360 394 454 660 405 360 394 454 660 405 360 394 454 660 405 360 394 454 660 405 360 394 454 660 405 360 394 454 660 405 360 394 454 660 405 360 394 454 660 405 360 394 454 660 405 360 394 454 660 405 360 394 454 660 405 360 394 454 660 405 360 394 454 660 405 360 394 454 660 405 360 394 454 660 405 360 394 454 660 405 360 394 454 660 405 360 394 454 660 405 360 394 454 660 405 360 394 454 660 405 360 394 454 660 405 360 394 454 660 405 360 394 454 660 405 360 394 454 660 405 360 394 454 660 405 360 394 454 660 405 360 394 454 660 405 360 394 454 660 405 360 394 454 660 405 360 394 454 660 405 360 394 454 
170 778117
1 149 90 19 193 105 193 105 193 105 193 105 193 105 193 105 193 105 193 105 193 105 193 105 193 105 193 105 193 105 193 105 193 105 193 105 193 105 193 105 193 105 193 105 193 105 193 105 193 105 193 105 193 105 193 105 193 105 193 105 193 105 193 105 193 105 193 105 193 105 193 105 193 105 193 105 193 105 193 105 193 105 193 105 193 105 193 105 193 105 193 105 193 105 193 105 193 105 193 105 193 105 193 105 193 105 193 105 193 105 193 105 193 105 193 105 193 105 193 105 193 105 193 105 193 105 193 105 193 105 193 105 193 105 193 105 193 105 193 105 193 105 193 105 193 105 193 105 193 105 193 105 193 105 193 105 193 105 193 105 193 105 193 105 193 105 193 105 9 198 
445 258 779 490 327 490 327 490 327 490 327 490 327 490 327 490 327 490 327 490 327 490 327 490 327 490 327 490 327 490 327 490 327 490 327 490 327 490 327 490 327 490 327 490 327 490 327 490 327 490 327 490 327 490 327 490 327 490 327 490 327 490 327 490 327 490 327 490 327 490 327 490 327 490 327 490 327 490 327 490 327 490 327 490 327 490 327 490 327 490 327 490 327 490 327 490 327 490 327 490 327 490 327 490 327 490 327 490 327 490 327 490 327 490 327 490 327 490 327 490 327 490 327 490 327 490 327 490 327 490 327 490 327 490 327 490 327 490 327 490 327 490 327 490 327 490 327 490 327 490 327 490 327 490 327 490 327 490 327 490 327 490 327 490 327 490 327 471 597 
180 232818
1 101 103 193 20 150 39 234 189 100 196 176 120 128 78 111 207 103 193 20 193 20 193 20 193 20 193 20 193 20 193 20 193 20 193 20 193 20 193 20 193 20 193 20 193 20 193 20 193 20 193 20 193 20 193 20 193 20 193 20 193 20 193 20 193 20 193 20 193 20 193 20 193 20 193 20 193 20 193 20 193 20 193 20 193 20 193 20 193 20 193 20 193 20 193 20 193 20 193 20 193 20 193 20 193 20 193 20 193 20 193 20 193 20 193 20 193 20 193 20 193 20 193 20 193 20 193 20 193 20 193 20 193 20 193 20 193 20 193 20 193 20 193 20 193 20 193 20 193 20 193 20 193 20 193 20 193 20 193 20 193 20 193 20 193 20 193 20 193 20 193 20 150 39 234 189 100 196 176 120 
307 443 604 204 579 422 494 14 193 163 733 485 411 651 322 50 2 604 204 604 204 604 204 604 204 604 204 604 204 604 204 604 204 604 204 604 204 604 204 604 204 604 204 604 204 604 204 604 204 604 204 604 204 604 204 604 204 604 204 604 204 604 204 604 204 604 204 604 204 604 204 604 204 604 204 604 204 604 204 604 204 604 204 604 204 604 204 604 204 604 204 604 204 604 204 604 204 604 204 604 204 604 204 604 204 604 204 604 204 604 204 604 204 604 204 604 204 604 204 604 204 604 204 604 204 604 204 604 204 604 204 604 204 604 204 604 204 604 204 604 204 604 204 604 204 604 204 604 204 604 204 604 204 604 204 604 204 604 204 604 204 604 204 604 204 604 204 604 204 604 204 579 422 494 14 193 163 733 485 
190 1251042
1 194 108 240 49 197 255 111 245 108 240 49 197 255 111 245 108 240 49 197 255 111 245 108 240 49 197 255 111 245 108 240 49 197 255 111 245 108 240 49 197 255 111 245 108 240 49 197 255 111 245 108 240 49 197 255 111 245 108 240 49 197 255 111 245 108 240 49 197 255 111 245 108 240 49 197 255 111 245 108 240 49 197 255 111 245 108 240 49 197 255 111 245 108 240 49 197 255 111 245 108 240 49 197 255 111 245 108 240 49 197 255 111 245 108 240 49 197 255 111 245 108 240 49 197 255 111 245 108 240 49 197 255 111 245 108 240 49 197 255 111 245 108 240 49 197 255 111 245 108 240 49 197 255 111 245 108 240 49 197 255 111 245 108 240 49 197 255 111 245 108 240 49 197 255 111 245 108 240 49 197 255 111 245 108 240 49 197 255 111 
68 692 741 457 787 908 357 929 692 741 457 787 908 357 929 692 741 457 787 908 357 929 692 741 457 787 908 357 929 692 741 457 787 908 357 929 692 741 457 787 908 357 929 692 741 457 787 908 357 929 692 741 457 787 908 357 929 692 741 457 787 908 357 929 692 741 457 787 908 357 929 692 741 457 787 908 357 929 692 741 457 787 908 357 929 692 741 457 787 908 357 929 692 741 457 787 908 357 929 692 741 457 787 908 357 929 692 741 457 787 908 357 929 692 741 457 787 908 357 929 692 741 457 787 908 357 929 692 741 457 787 908 357 929 692 741 457 787 908 357 929 692 741 457 787 908 357 929 692 741 457 787 908 357 929 692 741 457 787 908 357 929 692 741 457 787 908 357 929 692 741 457 787 908 357 929 692 741 457 787 908 357 929 692 741 457 787 908 357 
200 978340
1 187 286 90 180 56 36 287 187 286 90 180 56 36 287 187 286 90 180 56 36 287 187 286 90 180 56 36 287 187 286 90 180 56 36 287 187 286 90 180 56 36 287 187 286 90 180 56 36 287 187 286 90 180 56 36 287 187 286 90 180 56 36 287 187 286 90 180 56 36 287 187 286 90 180 56 36 287 187 286 90 180 56 36 287 187 286 90 180 56 36 287 187 286 90 180 56 36 287 187 286 90 180 56 36 287 187 286 90 180 56 36 287 187 286 90 180 56 36 287 187 286 90 180 56 36 287 187 286 90 180 56 36 287 187 286 90 180 56 36 287 187 286 90 180 56 36 287 187 286 90 180 56 36 287 187 286 90 180 56 36 287 187 286 90 180 56 36 287 187 286 90 180 56 36 287 187 286 90 180 56 36 287 187 286 90 180 56 36 287 187 286 90 176 82 258 23 128 235 188 
347 913 608 636 714 922 368 347 913 608 636 714 922 368 347 913 608 636 714 922 368 347 913 608 636 714 922 368 347 913 608 636 714 922 368 347 913 608 636 714 922 368 347 913 608 636 714 922 368 347 913 608 636 714 922 368 347 913 608 636 714 922 368 347 913 608 636 714 922 368 347 913 608 636 714 922 368 347 913 608 636 714 922 368 347 913 608 636 714 922 368 347 913 608 636 714 922 368 347 913 608 636 714 922 368 347 913 608 636 714 922 368 347 913 608 636 714 922 368 347 913 608 636 714 922 368 347 913 608 636 714 922 368 347 913 608 636 714 922 368 347 913 608 636 714 922 368 347 913 608 636 714 922 368 347 913 608 636 714 922 368 347 913 608 636 714 922 368 347 913 608 636 714 922 368 347 913 608 636 714 922 368 347 913 608 636 714 922 368 347 913 608 636 922 1000 386 785 285 254 
