6
10 5 3
8 9 5 3 7 2 3 4 9 8
8 2 5 7 6 4 9 7 4 4
1 5 7 3 1 6 2 6 6 9
3
5 7
5 7 8
3 8 3 4
4 5 1 7 2
7 3 6 2 2 3
1 6 2 7 3 6 8
5 2 3 4 1 5 6 5
2 8 9 6 4 1 7 1 1
15 100 2
1 10000 10000 10000 10000 10000 10000 10000 10000 10000 10000 10000 10000 10000 10000
10000 1 10000 10000 10000 10000 10000 10000 10000 10000 10000 10000 10000 10000 10000
8290
8925 8788
8312 8316 8101
8977 8398 8376 8566
8651 8214 8072 8545 8236
8472 8780 8477 8146 8121 8483
8022 8754 8618 8959 8927 8663 8099
8352 8154 8615 8323 8506 8649 8529 8600
8648 8324 8012 8770 8379 8026 8454 8309 8563
8017 8984 8016 8128 8162 8169 8442 8143 8600 8757
8606 8523 8846 8816 8294 8474 8398 8158 8047 8527 8279
8130 8508 8226 8185 8329 8633 8624 8168 8361 8401 8740 8072
8875 8498 8816 8819 8810 8002 8335 8384 8432 8719 8335 8887 8430
8876 8230 8732 8020 8631 8368 8899 8895 8861 8805 8813 8094 8734 8760
20 10 10
48 27 26 20 40 22 25 43 44 23 25 25 41 48 27 42 27 28 25 25
24 29 26 45 25 21 40 28 24 29 45 43 44 20 22 20 46 46 49 47
21 45 48 27 22 22 48 47 44 49 43 26 25 27 24 25 20 22 43 42
29 45 41 21 46 41 43 49 21 48 25 42 29 42 43 45 20 24 43 44
49 44 41 28 40 47 44 28 25 28 41 26 44 27 24 22 29 45 47 46
27 42 27 46 23 29 25 40 40 23 28 46 24 26 45 24 22 42 40 45
48 27 27 49 43 27 48 29 26 41 24 28 44 46 47 24 21 46 41 49
44 44 25 42 24 24 42 41 27 28 23 40 49 43 22 44 22 21 20 26
27 48 41 26 23 44 43 46 21 41 27 28 47 28 22 27 44 42 40 26
44 45 47 44 24 29 28 27 21 23 29 26 29 21 48 40 42 44 43 42
0
17 99
2 73 67
1 79 52 10
14 94 37 51 72
52 67 63 60 41 62
23 25 33 43 3 26 1
47 9 3 31 76 38 14 1
94 82 48 41 75 54 84 38 88
12 22 80 90 49 55 29 24 87 30
64 43 31 35 16 98 92 78 70 30 12
30 33 95 90 98 57 97 29 18 6 48 14
9 28 50 93 55 2 30 7 15 21 5 51 78
4 10 89 47 43 79 23 98 40 9 32 86 96 3
70 23 20 24 26 94 63 98 10 55 3 92 90 51 82
73 98 89 11 71 37 79 90 37 83 96 65 31 19 61 17
68 17 8 74 78 61 84 31 49 32 72 89 71 52 3 10 1
47 0 2 0 57 51 5 96 96 5 86 94 37 67 17 90 32 31
31 6 98 66 43 18 52 52 83 16 75 75 15 64 77 75 24 17 70
25 15 20
660 706 598 628 668 426 404 461 616 548 435 502 464 558 484 689 636 567 745 586 743 682 665 629 478
490 423 652 280 736 450 715 541 616 413 544 576 630 605 470 426 588 696 640 576 565 520 968 722 528
483 424 453 607 644 435 436 706 573 482 604 489 138 475 662 574 655 467 617 744 789 944 583 453 609
454 608 577 510 594 493 507 519 540 594 455 618 501 638 444 841 695 413 786 564 639 536 610 473 197
470 540 504 567 789 613 609 518 724 559 648 679 677 617 690 593 457 679 672 451 695 425 448 665 590
492 421 602 496 626 667 751 591 661 589 460 555 613 799 583 660 606 486 426 730 519 629 600 752 587
865 486 636 674 524 568 785 729 741 690 712 566 620 757 633 511 588 546 772 424 521 645 194 685 599
667 749 416 990 683 292 721 671 624 516 405 454 586 730 621 524 690 450 686 483 624 475 592 579 670
695 750 563 589 727 515 718 789 407 651 491 741 421 657 623 610 706 778 546 443 648 467 415 566 685
643 655 642 562 534 430 562 748 716 429 689 741 442 450 712 527 690 672 517 756 732 529 654 539 484
585 472 673 661 530 549 655 491 640 634 435 775 405 563 731 500 784 752 445 469 714 609 689 404 538
480 628 428 565 439 450 521 684 479 545 451 686 575 745 765 554 553 677 674 655 656 685 607 511 451
694 512 518 618 466 412 769 436 604 522 417 674 619 733 566 539 434 509 687 726 445 527 573 489 605
465 664 465 679 790 493 544 729 498 593 437 776 497 792 762 621 469 529 414 566 647 693 451 679 661
130 704 416 694 536 417 431 481 739 688 632 594 580 757 438 464 733 739 784 722 427 664 671 434 974
608 525 414 473 609 666 411 720 749 989 502 773 432 638 576 266 641 605 438 663 760 564 541 552 598
643 534 286 592 682 670 477 635 703 552 669 520 853 701 669 695 459 541 535 761 464 430 619 433 575
612 441 497 536 789 912 487 644 766 432 586 472 580 793 557 504 451 404 785 612 559 206 440 472 554
420 696 402 489 477 451 473 567 759 628 576 621 585 555 709 427 697 670 507 700 416 593 563 420 699
531 435 990 650 616 649 530 795 743 196 760 506 530 758 569 578 486 724 578 787 542 468 650 593 416
1320
2024 1206
2089 1384 1978
1353 613 1140 1238
1990 1342 1898 637 1362
1234 716 1414 1207 749 1274
1337 754 1527 1444 742 1271 684
1371 697 1269 1417 687 1407 689 746
2114 1416 759 1687 1270 2039 1373 1453 1525
1401 785 1370 1364 626 1331 771 622 724 1361
1324 759 1278 1297 732 1269 712 739 644 1480 618
1791 1557 722 2176 1505 1905 1374 1530 1258 2176 1371 1412
1280 608 1243 1422 675 1428 779 633 637 1376 777 798 1321
1242 648 1409 1248 680 1301 786 655 674 1245 714 773 1419 643
1731 1497 1842 1873 1419 2107 1452 1313 1324 602 1194 1238 2104 1359 1259
1427 730 1594 1177 662 1311 672 691 608 1361 686 750 1442 709 693 1428
1540 667 1271 1535 768 1439 771 717 708 1477 709 788 1365 636 782 1358 794
1337 736 1366 1553 626 1366 641 719 782 1446 662 794 1270 687 613 1525 742 718
1215 697 1253 1533 794 1429 687 715 733 1402 726 619 1164 621 782 1291 674 633 623
1299 708 1450 1288 694 1204 740 748 743 1282 642 655 1321 698 606 1201 717 746 696 682
1909 1416 1998 1956 1423 610 1443 1361 1500 2015 1346 1240 630 1394 1275 2009 1466 1400 1307 1350 1238
665 1312 1972 684 1262 2093 1356 1423 1466 1878 1470 1142 1938 1223 1173 1837 1320 1349 1529 1271 1320 1882
1256 712 1252 1307 744 1197 728 702 702 1251 717 755 1155 627 729 1441 682 612 667 640 776 1349 1268
720 1420 1904 1914 1450 2015 1397 1344 1176 2156 1446 1459 2207 1271 1259 719 1255 1277 1380 1351 1401 1985 2129 1418
30 30 40
897 703 668 725 1168 1085 666 1116 1868 744 1175 991 926 1014 1092 573 554 1004 1011 822 840 964 1159 1090 1192 225 963 750 755 596
993 719 788 619 1074 1169 548 1192 1063 656 1094 799 574 1071 1011 664 624 1185 1193 628 888 961 1046 1045 1143 1177 625 917 709 847
771 812 799 992 1101 559 656 1904 1010 646 1085 858 957 1150 1087 742 502 1734 1077 690 970 596 1009 504 1142 1000 770 511 658 507
868 916 775 814 1029 1118 814 1044 1012 678 1151 944 884 1167 1136 880 999 1010 1092 505 881 544 1041 1159 1131 1101 918 555 987 528
714 579 808 591 1156 1165 645 1034 1086 657 1054 687 600 1057 1082 694 859 1007 1069 824 628 563 1194 1002 1031 1092 952 956 777 590
734 640 886 706 1123 1035 910 1168 1094 898 1007 565 727 1016 1139 978 855 1061 1094 610 912 878 1046 1118 1192 1147 922 956 611 928
942 553 877 679 1128 1119 600 1061 1078 711 1064 980 803 1046 1097 857 569 1044 1053 904 844 814 1157 1050 1048 1056 835 869 832 832
834 615 688 577 1181 1116 797 1055 1044 959 1095 683 894 1159 1106 776 724 1122 1012 977 973 819 1175 1183 1034 1195 654 903 710 755
530 971 938 649 1138 1004 836 1103 1079 502 1193 637 528 1135 1796 588 720 1163 1197 891 928 981 402 1071 1043 1059 815 996 614 703
600 890 958 958 1050 1920 811 1101 1101 791 1051 625 804 1157 442 624 698 1011 1165 875 547 961 1117 1116 1026 1000 999 579 646 708
914 610 938 622 1145 1005 635 1080 1150 932 1128 650 714 1190 1016 914 773 1053 1117 732 783 872 1139 1179 1150 1150 988 609 694 829
589 748 940 665 1006 1164 763 1027 1061 713 1155 618 668 1027 1144 516 760 1111 1078 793 677 905 1134 1105 1141 1159 767 876 983 576
752 846 945 560 1107 1167 998 1124 1023 735 1165 959 511 1139 1059 906 694 1186 1174 964 532 556 1142 1046 1114 1010 945 798 656 703
932 567 887 923 1075 1145 697 1154 1030 740 1155 641 644 1110 1174 610 826 1015 1083 851 718 708 1036 1036 1178 1189 574 772 655 991
529 855 759 503 1113 1088 892 1158 1140 548 1120 632 831 1016 1064 810 808 1071 1170 601 885 719 1191 1005 1079 1138 814 542 686 620
906 795 946 702 1193 1148 561 1155 1136 570 1094 639 754 1002 1138 833 933 1099 1040 884 985 928 1057 1134 1024 1047 918 673 513 839
888 874 729 758 1017 1010 997 1119 1032 817 1084 905 565 1076 1044 759 878 1163 1126 819 706 717 1147 1192 1188 1159 825 696 500 545
909 710 503 937 399 1041 938 1176 1125 623 1034 578 805 1137 1149 850 767 1075 1092 786 773 600 1163 1090 1832 1147 932 784 978 716
900 567 693 834 1038 1092 966 1126 1058 936 1146 986 818 1051 1058 526 755 1071 1120 923 973 967 1088 1033 1068 1023 785 692 584 549
756 921 703 857 1079 1054 517 1104 1072 528 1158 589 556 1167 1126 555 543 1118 1115 898 579 957 1150 1112 1059 1124 936 946 895 614
680 651 644 511 1134 1131 612 1048 1103 961 1055 739 812 1145 1069 871 650 1027 1013 887 701 523 1127 1086 1055 1002 595 610 624 654
742 573 713 959 1069 1199 743 1099 1147 973 1014 717 603 1151 1028 846 726 1118 1137 980 689 840 1189 1168 1127 1161 712 706 644 563
817 505 639 736 1150 1135 640 1079 1144 717 1126 517 535 1170 1025 590 848 1091 1173 593 674 949 1166 1185 1095 1084 828 831 939 714
519 886 525 861 1060 1069 846 1161 1072 542 469 936 732 1001 1021 613 605 1026 1151 699 533 953 1193 1749 1159 1193 700 734 558 504
911 520 508 694 1125 1199 654 1144 1187 735 1080 529 683 1185 1004 829 699 1081 1039 953 632 850 1059 1166 1052 1029 988 957 945 862
516 976 523 804 1192 1015 948 1058 1155 537 1162 794 911 1101 1114 708 649 1110 1141 869 681 507 1165 1071 1130 1110 673 862 604 689
786 856 947 557 1197 1159 684 1152 1157 816 1133 635 804 1116 1096 586 986 1112 1038 628 600 572 1022 1097 1039 1015 823 505 916 971
631 860 863 782 1145 1136 830 1100 1191 929 1079 950 981 1103 1187 540 550 1172 1160 690 806 848 1133 1126 1106 1062 842 779 803 910
648 839 847 580 1118 1159 879 1113 1033 828 1024 631 636 346 1126 534 965 1164 1930 672 668 641 1151 1046 1038 1191 792 775 738 885
723 969 767 552 1140 1022 543 1021 1171 576 1013 823 812 1120 1049 661 891 1176 1035 723 617 798 1027 1094 1024 1095 841 933 662 528
943 540 944 664 1132 1120 625 1032 1158 787 1114 753 653 1113 1026 779 551 1051 1109 570 749 716 1135 1180 1019 1102 689 935 752 664
605 908 905 779 1109 1125 598 1078 1176 926 1074 782 936 1141 1009 917 662 1187 1006 570 703 864 1058 1140 1112 1173 536 796 609 534
676 698 834 739 1061 1010 528 1078 1127 806 1001 813 755 1041 1063 814 646 1107 1009 940 776 631 1192 1109 1057 1149 582 763 874 692
529 569 591 711 1072 1185 516 1090 1143 680 1196 911 715 1074 1011 659 521 1060 1026 672 702 987 1110 1018 1099 1083 565 837 744 993
747 672 746 830 1013 1190 942 1034 1107 952 1022 522 775 1759 1099 940 609 469 1142 711 906 742 1076 1001 1160 1065 732 781 948 547
980 598 507 668 1000 1087 579 1016 392 632 1870 875 847 1100 1158 970 741 1183 1084 811 739 541 1196 1186 1179 1052 698 714 515 837
511 591 870 528 1117 1130 949 1084 1109 693 1033 513 508 1182 1043 925 562 1114 1187 786 740 716 1070 1037 302 1929 724 882 862 868
538 802 612 790 1063 1040 779 1138 1012 781 1026 972 956 1103 1049 738 527 1083 1053 752 512 578 1046 1004 1026 1156 659 794 688 594
948 771 860 970 1160 1095 866 388 1009 627 1187 708 565 1187 1162 789 697 1171 1159 540 696 614 1772 1064 1147 1067 902 945 695 822
674 558 677 926 1884 1038 940 1092 1104 626 1117 577 778 1164 1151 993 768 1083 417 662 545 535 1135 1145 1053 1168 644 532 875 993
807
982 929
813 845 919
1809 1944 1616 1786
1716 1635 1602 1706 2364
907 705 861 799 1505 1507
1769 1565 1771 1879 2591 2452 1862
1714 1534 1713 1788 2422 2605 1719 2595
945 884 832 846 1776 1782 843 1568 1530
1804 1590 1621 1731 2557 2734 1594 2367 725 1696
964 953 994 803 1449 1613 939 1764 1639 897 1714
906 878 743 812 1692 1949 734 1986 1503 807 1620 920
1711 1604 1808 1677 2582 2296 1630 2510 2392 1627 2622 1868 1805
1635 1705 1877 1689 2652 783 1527 2433 2575 1848 2699 1730 1956 2411
838 869 938 721 1805 1970 774 1712 1594 780 1845 777 944 1661 1774
899 984 889 775 1752 1897 877 1698 1774 900 1747 818 700 1675 1460 798
1694 1841 1704 1661 2728 883 1487 2505 2405 1827 2451 1763 1724 918 2445 1771 1978
1684 1627 1698 1854 715 2577 1710 2516 2558 1781 2474 1723 1857 706 2444 1495 1835 2529
953 883 864 930 1722 1613 921 1704 1538 713 1985 875 905 1790 1753 951 989 1745 1486
731 852 952 767 1687 1596 722 1832 1665 893 1931 759 735 1546 1783 989 967 1498 1585 751
954 700 703 770 1964 1907 776 1762 1692 920 1581 737 997 1671 1716 900 971 1570 1791 803 901
1643 1609 1807 1869 2532 2280 1691 922 2632 1800 2396 1738 1799 2427 958 1465 1973 2346 2822 1802 1793 1653
1736 1738 1820 1812 2682 2687 1620 841 2504 1961 881 1881 1554 2599 2571 1626 1863 2362 2480 1834 1770 1739 2451
1832 1666 1733 1731 968 2698 1727 2659 2614 1493 2579 1773 1625 2542 2375 1728 1725 2408 2874 1940 1615 1704 2544 2785
1884 1566 1755 1664 2552 2639 1742 2507 805 1723 2489 1747 1728 2250 2487 1899 1530 2578 2482 1521 1776 1580 2721 2659 812
728 868 832 905 1835 1594 931 1487 1656 803 1715 793 912 1770 1854 754 934 1684 1932 988 912 739 1754 1643 1692 1565
926 784 812 765 1564 1966 964 1758 1534 791 1679 700 801 1705 1662 835 855 1828 1627 925 727 996 1717 1766 1528 1692 854
895 751 800 863 1693 1827 794 1683 1706 888 1920 726 890 1807 1702 706 956 1833 1472 850 722 702 1871 1521 1722 1675 924 701
836 931 786 960 1603 1871 813 1637 1894 771 1459 917 781 1904 1699 741 946 1622 1494 767 937 991 1563 1750 1738 1787 851 867 768
30 100 50
7588 7265 11925 7964 10693 10726 11755 3732 7437 8618 11799 10994 16690 11189 10937 8845 7840 16886 5978 8986 11546 10778 7992 7511 11883 4245 11045 11853 6499 10649
6871 5309 10774 5738 10704 10098 10551 10615 5810 6548 10852 11106 11491 10600 10933 6788 6017 10375 8509 8579 10991 11919 5254 7684 11329 10259 10824 10668 7238 11413
8475 6257 10372 8438 11579 10313 10399 11366 6836 9208 11458 10778 10143 10706 10804 5102 7672 2071 7521 7631 16423 11608 6190 5505 10114 10418 10338 11696 5578 10772
8297 5651 10046 5076 2048 11138 10339 11396 7806 5020 11054 11242 11644 10198 10692 7053 6296 11694 8811 7944 10240 16772 5336 7776 10438 11378 11504 10114 6779 11279
8648 5224 10232 9403 10342 10788 11320 10954 7638 8116 10551 11603 10986 10626 11432 6470 7422 11495 6995 9534 11519 10068 6026 9286 11256 10435 10276 11525 5394 11747
8195 9128 11254 8537 10708 10061 10633 10917 7929 9963 11059 11123 10495 11184 11761 9237 8356 10764 6448 8382 11108 11579 9133 6362 11528 10389 11851 10911 8433 11695
6996 9860 18176 5667 10152 11560 11312 10131 8369 8229 11436 4371 10610 11856 10471 6327 6822 11474 8639 9250 11940 11321 5938 6620 11845 11737 10671 11622 8048 11091
7628 9569 10267 6050 11348 10888 10836 10178 8735 8245 10450 11674 11796 10675 10943 9370 6420 10727 6058 6924 11499 11931 9720 7923 11845 11813 10936 11727 8346 11975
9022 9970 11018 6203 10182 11879 11293 11398 8105 7914 10652 10205 11289 10241 11207 7641 5949 11501 6988 7226 11184 11912 7881 9371 11916 11468 10850 11412 7473 10727
6386 8900 10737 5955 10772 11553 10518 10872 6083 6268 11511 10458 10379 10377 10206 5905 5331 10513 5583 5653 11400 11278 6646 8409 11822 10485 11915 11363 8246 10606
7988 9915 11990 9502 11843 11913 11248 11490 5552 5852 11540 10479 11130 18562 11815 6331 7064 11022 8962 5397 11436 10689 7914 6464 11834 10770 10476 3976 6683 10002
9750 6201 11115 8795 16125 11716 11887 10899 6616 6295 11081 11986 11318 11724 11264 5331 6107 10444 5361 6985 3542 11766 6400 8620 10589 10155 10233 10047 7122 11828
7789 5826 11651 7367 11436 10315 10850 10263 5264 7943 11102 11906 10021 10606 10183 6103 6540 11856 9254 7623 10121 10258 5863 8395 10133 11122 11955 10223 5277 10165
7519 7361 10151 8454 11440 10974 11708 10536 6941 7101 11106 11880 11506 11243 10049 6996 7789 10279 8078 8872 10128 10193 9719 8096 11921 10252 11509 11057 5016 10064
6806 8137 10315 5172 11742 18554 10681 10085 8361 8598 10246 10039 10277 10699 11692 9420 6815 11894 8524 8259 11772 10566 7882 8714 10523 11185 3532 11884 8305 10941
8600 5194 10436 6701 10726 11988 10846 11265 7326 8628 2815 10939 11888 10293 10382 6141 7112 11913 7775 9944 11929 11034 7468 9330 10658 19091 10241 10641 7162 10559
7332 6368 10364 6233 11007 10768 11151 10387 8845 9649 11471 11938 10579 11710 11059 6562 9971 11251 6844 7325 10714 10434 5982 5515 10715 10584 11085 11706 7931 10165
9286 8946 11035 8381 11984 2710 10002 11583 9658 5465 10564 11387 10729 10253 11875 8785 5109 11424 6702 6976 10089 11903 7005 9251 10877 10549 11421 10066 5420 18279
9280 7946 11371 9942 10029 11665 10647 11753 6599 6728 11573 11203 10508 11488 11474 8404 5824 11194 9778 9210 11783 10266 6745 6619 11920 11689 11892 11013 7493 11472
7373 9538 10612 9997 11048 11188 10363 10055 9301 6694 11033 10758 10691 10693 11210 7130 9935 11865 6395 8507 11498 11198 9760 7810 11201 10874 10414 11864 8304 10817
9771 9376 10601 7187 10648 10656 10097 11932 8523 5576 11388 11819 10286 11601 10944 7535 8881 11179 6824 8089 10564 10206 6665 7460 10173 11110 10508 10228 6109 10832
5130 9381 11383 8101 11281 10203 10399 10429 9547 8601 10618 11906 11578 11561 10496 8235 9673 10402 9084 8302 11047 10829 7807 5039 10104 10403 11573 10575 5537 11933
6050 6182 10932 8761 11877 11920 10108 11486 8769 6653 11665 11771 11951 10629 11379 5175 7711 10188 9349 5920 10288 10934 8924 7380 11036 11924 11007 11925 9562 10943
8359 9221 2194 5798 11364 11807 11438 11110 6253 8780 10246 11353 11286 11245 10923 8322 6272 10490 7618 6489 11522 11148 6352 8174 10819 10164 19320 11019 7090 11122
8238 7544 11125 9230 11225 11713 11575 11952 6801 8625 11284 11703 11062 11981 10275 9058 6719 11073 8683 8223 11985 10271 5313 5144 11144 11167 10849 11421 7545 10846
6448 5008 10920 5122 11822 11992 11904 11918 6002 5973 10145 10093 2104 11686 10590 5173 6607 11151 9692 5253 11556 11847 5791 9779 10996 11832 10648 16029 8699 11482
5587 7873 11423 9878 11110 10823 10730 10440 9480 7432 11618 11535 10039 11416 10438 9980 7182 10996 8543 7787 10075 10273 7832 9017 10463 11744 10562 10466 7322 10474
5390 7743 10770 9076 10821 10958 10444 10778 7034 8502 10596 10575 11022 11638 11581 7089 7616 10305 9918 9906 10925 10960 6631 6597 10466 10704 10081 10256 6250 10810
7985 6563 11797 7988 11990 11178 11713 10103 5517 6467 10190 10935 11317 11884 11060 6744 9132 10065 6653 5015 10666 11413 5843 9687 10770 11878 11490 10451 6430 10519
6419 5178 11450 9920 11096 10634 11172 11703 6538 5252 11506 10722 10356 11123 10424 9365 5908 11457 7069 5520 10189 10641 5301 6398 11100 10175 11952 11368 8901 10431
6822 5660 11627 7172 11758 10426 11015 11569 8520 6567 10221 11618 10977 11555 11569 8575 8518 10013 7212 6473 10171 10021 5150 5882 11870 11424 10731 10345 8966 10754
6932 9497 11699 7937 11509 11330 10744 11950 5567 6099 11379 19602 11619 11430 10938 5039 6514 10274 5535 5072 10332 10063 8371 6847 3946 11182 11010 10125 8927 11242
6471 7771 10255 5062 10041 10566 11378 10898 8701 9672 10606 10028 11849 11807 11956 7527 6315 10906 9527 5434 11913 10329 7402 9998 11663 10902 11942 11912 6072 10096
9718 6191 10668 8966 11194 11326 10911 10629 5629 7060 10221 11826 10549 11371 11532 7506 8599 10328 7818 9713 11866 10112 6582 7066 11009 11505 11534 10776 7078 10632
8497 5055 10996 7248 10741 11021 11163 11385 9371 5501 10117 11732 11537 11742 10984 6270 5267 11562 8358 9573 10233 11935 7635 8165 10789 11785 11096 11711 5812 11618
8382 7110 11235 7310 10140 11000 17300 11058 7989 7220 10091 11930 11523 11383 3085 7993 5865 11567 9701 7748 11363 10908 8417 7728 11026 11090 10835 10388 6458 10019
5072 5288 11199 7380 10633 11778 11260 11378 5191 7004 10208 11151 11137 11972 19355 8684 6293 11909 5783 7172 11625 11343 8420 6785 10051 10038 11078 11713 8449 2588
5165 8470 11587 8628 11446 10296 11792 10010 7995 5493 10225 10643 11692 10701 10554 5558 7288 11246 6612 8376 10947 10524 8450 7478 10611 10148 10737 11083 9677 10319
8115 9031 10139 9228 11492 11472 11190 10895 5058 5866 11268 11185 10729 10922 11127 7046 8992 10770 7569 5873 11665 10182 8985 8164 10794 10977 10588 10636 8126 10093
7221 5382 10870 8640 10941 10933 10566 11055 5781 5787 10286 11437 11250 11840 10923 8824 6816 11527 8201 8492 11329 10755 8543 7183 10513 10532 10423 11452 8285 10942
8724 8632 11884 8745 11273 11150 11758 10916 6640 9288 10015 11308 10010 11441 11401 8048 6406 11037 5272 6896 10668 10053 8294 7361 10219 10405 11785 10016 9746 11954
7817 7426 10887 5377 10910 11775 10423 10124 9306 5905 11200 10883 11750 10024 11762 8168 9220 10178 6695 8712 10354 10291 6454 5064 10219 11285 10543 11874 8448 10874
6203 8496 10959 6851 11656 10577 11808 11481 6597 6103 11911 11028 11918 10394 11488 7689 5835 10939 5734 5790 10104 10608 6519 6135 11910 11706 10132 10032 7787 10795
5353 8998 10636 8425 11941 10580 11628 10363 6389 8462 11358 11894 10454 10043 11569 8459 9194 10069 8366 8878 10403 10467 6987 9277 10829 11028 11035 11010 7795 10922
6647 5684 10722 8826 11640 10210 10791 18233 6137 9249 10142 10140 10886 11761 11436 8778 7609 11710 7585 9769 10664 5109 7095 9546 11843 11461 11750 11585 8456 11351
8246 6574 10070 7135 11146 10231 11564 11129 9181 6594 10649 11063 10129 10376 11814 9523 8200 10383 5845 9928 11059 10783 9724 9832 11751 11896 11286 11645 7318 11791
6275 8260 11144 6719 11842 11790 5900 11613 6351 6035 19978 10543 11368 10588 10977 9470 9351 10718 6932 7976 10490 10932 7954 7687 11035 10038 11372 10056 8214 10206
9712 6495 11410 5404 11221 10158 11025 11249 5187 8961 10203 10010 10136 2844 11839 8506 8834 10017 6350 8749 11618 10553 6372 5166 16641 10617 10410 10378 9638 10436
7947 8968 11415 9418 11467 11886 10126 10120 6157 7587 10048 11196 10431 10156 10836 7599 7547 11183 8297 8439 10649 11818 5210 6594 10815 11042 11088 10863 8091 11178
8084 8665 11006 7483 11813 10232 11377 11485 9966 5792 11538 11589 10066 11383 11602 9208 5721 10486 8249 8853 10809 10814 6579 5150 11455 10114 10069 11226 8920 10118
9916
14478 18094
7932 7640 14133
13101 14422 24661 17054
15539 13479 23016 15870 23609
16242 15770 17639 16319 18011 23820
13943 16729 17536 17268 23091 19484 24115
7901 9108 12589 9634 14969 15209 19326 15774
8734 9820 16946 9278 15513 16167 10966 15106 9538
17481 13665 21779 15662 24545 19575 7901 20768 16389 12181
15864 15835 8805 17791 20991 24309 19020 19938 12086 15594 16384
12892 13091 20826 17020 25903 28363 27500 9449 18543 12838 22096 22886
15302 18946 18752 12541 22791 22276 19095 21533 16629 11944 20600 22086 27686
15356 16973 20401 11892 19807 24148 9177 19258 12003 11492 23307 19672 23742 20520
8242 7015 16953 7829 14244 13295 16539 14196 9393 8922 16007 12296 14093 13642 13882
9689 8554 12643 7029 15708 16798 18124 16863 7916 8890 15020 16865 17071 14278 15238 9165
12205 16944 20757 16577 23718 16829 26699 18924 12570 17328 24498 18530 22189 23688 19000 16334 17772
9368 8080 15379 9632 15096 15287 12750 14916 8025 9627 16209 15650 12670 12582 16124 8719 7614 19010
8091 7136 11249 9117 14523 14172 16405 14653 8728 9868 15545 19716 19977 15575 13901 9071 7812 17587 9077
12929 13808 22960 17066 9249 24642 17801 22871 13905 12293 18547 25554 23124 24860 21161 16689 14473 7721 16812 14825
11478 15113 19019 13107 7148 19842 21877 8588 14158 12749 23727 20399 23222 15778 21164 17111 18870 27033 11761 18378 16508
9963 9849 16942 9559 15323 11112 17848 15466 8912 8571 15670 16857 17280 17284 13874 8524 9467 17226 8896 8433 16439 14893
7960 8577 10397 9595 13208 12874 13414 17283 9564 9926 15212 16288 13391 13161 16752 8970 8014 13234 8014 8317 13772 12577 8258
16033 14041 22277 16160 22728 23220 19530 16626 11845 12978 19532 7375 17791 8160 16628 15219 13089 21080 15261 17104 16422 23061 12607 14319
16320 14838 25997 18796 22438 21160 16486 22529 10806 12569 7776 19229 19036 21301 22542 19355 13481 9314 15952 13768 19562 21501 13180 12445 24445
13342 14464 9126 16406 18055 7565 24037 25851 16461 12642 20614 20509 26750 15385 16893 14439 16421 23127 12799 17020 24074 28076 18069 13780 21090 21146
17128 13386 18230 14797 23992 20600 23277 20909 16739 17492 20878 17036 8166 7127 16093 14276 17024 24443 16022 13577 24531 23286 17200 16432 24725 21281 25162
9940 8803 11775 7317 16659 13410 17443 17360 9610 8400 12865 15487 15083 13294 17660 8449 8379 14902 7505 7534 18732 13841 7373 8432 13321 14787 18575 15251
12230 12810 19789 10762 26339 8608 25211 20956 16590 16215 16491 22647 21714 15305 9278 14092 15809 19532 18143 15672 24892 28651 14303 11236 17220 20577 23819 23316 17177
