5 17
1 10 8 1 10 
3 2 1 3 
100 169464
1 2 1 2 1 2 1 2 1 2 1 2 1 2 1 2 1 2 1 2 1 2 1 2 1 2 1 2 1 2 1 2 1 2 1 2 1 2 1 2 1 2 1 2 1 2 1 2 1 2 1 2 1 2 1 2 1 2 1 2 1 2 1 2 1 2 1 2 1 2 1 2 1 2 1 2 1 2 1 2 1 2 1 2 1 2 1 2 1 2 1 2 1 2 1 2 1 2 1 11 
1 2 1 2 1 2 1 2 1 2 1 2 1 2 1 2 1 2 1 2 1 2 1 2 1 2 1 2 1 2 1 2 1 2 1 2 1 2 1 2 1 2 1 2 1 2 1 2 1 2 1 2 1 2 1 2 1 2 1 2 1 2 1 2 1 2 1 2 1 2 1 2 1 2 1 2 1 2 1 2 1 2 1 2 1 2 1 2 1 2 1 2 1 2 1 2 1 2 1 
10 208
1 2 19 4 1 2 19 4 1 2 
3 2 8 1 3 2 8 1 3 
15 598
1 25 16 10 3 13 22 6 4 23 1 25 16 10 3 
15 4 16 20 17 3 18 8 2 7 15 4 16 20 
30 16557
1 26 9 11 24 8 23 15 6 18 14 19 5 25 26 9 11 24 8 23 15 6 18 14 19 5 25 26 9 11 
37 1 36 24 3 39 9 10 3 35 29 40 18 37 1 36 24 3 39 9 10 3 35 29 40 18 37 1 36 
100 604783
1 12 3 27 6 30 15 7 11 26 18 21 5 22 8 13 28 14 25 12 3 27 6 30 15 7 11 26 18 21 5 22 8 13 28 14 25 12 3 27 6 30 15 7 11 26 18 21 5 22 8 13 28 14 25 12 3 27 6 30 15 7 11 26 18 21 5 22 8 13 28 14 25 12 3 27 6 30 15 7 11 26 18 21 5 22 8 13 28 14 25 12 3 27 6 30 15 7 11 26 
32 7 24 15 18 37 36 47 16 1 3 12 4 45 1 26 11 48 32 7 24 15 18 37 36 47 16 1 3 12 4 45 1 26 11 48 32 7 24 15 18 37 36 47 16 1 3 12 4 45 1 26 11 48 32 7 24 15 18 37 36 47 16 1 3 12 4 45 1 26 11 48 32 7 24 15 18 37 36 47 16 1 3 12 4 45 1 26 11 48 32 7 24 15 18 37 36 47 16 
